   3.1000000e-03
   6.4000000e-03
   3.9000000e-03
  -2.1000000e-03
  -2.0000000e-04
   5.4000000e-03
  -1.2000000e-03
   3.0000000e-04
  -1.1000000e-03
  -7.6000000e-03
   8.4000000e-03
   8.6000000e-03
   1.6600000e-02
   2.2000000e-03
  -1.0700000e-02
  -1.0000000e-04
   1.1000000e-03
  -1.5000000e-03
  -5.0000000e-04
   5.1000000e-03
  -2.0000000e-03
   1.8000000e-03
   1.3000000e-03
  -2.3000000e-03
   4.0000000e-04
   1.2000000e-03
   2.1000000e-03
   3.8000000e-03
  -9.1000000e-03
  -7.2000000e-03
  -3.4000000e-03
   5.4000000e-03
   2.8000000e-03
  -2.0000000e-03
  -8.8000000e-03
  -2.4000000e-03
  -6.5000000e-03
   5.8000000e-03
  -1.0000000e-04
   2.0000000e-04
   6.4000000e-03
   1.4000000e-03
   4.0000000e-03
  -2.7000000e-03
  -0.0000000e+00
   6.2000000e-03
  -2.1000000e-03
   7.1000000e-03
  -3.8000000e-03
   3.1000000e-03
  -9.9000000e-03
  -7.6000000e-03
  -2.5000000e-03
   3.4000000e-03
  -4.1000000e-03
   7.1000000e-03
   4.0000000e-04
   9.0000000e-04
   1.0000000e-03
   2.0000000e-04
   1.0000000e-04
   2.5000000e-03
   9.0000000e-04
  -4.9000000e-03
   5.0000000e-04
   5.8000000e-03
  -1.0300000e-02
  -7.9000000e-03
   7.0000000e-04
   2.8000000e-03
  -4.9000000e-03
   2.6000000e-03
  -4.4000000e-03
  -1.6000000e-03
  -2.2000000e-03
  -2.0000000e-04
   5.6000000e-03
  -1.0600000e-02
   3.3000000e-03
   2.1000000e-03
   2.8000000e-03
   8.0000000e-04
  -2.7000000e-03
  -2.9000000e-03
   7.5000000e-03
  -3.7000000e-03
  -2.0000000e-03
   9.4000000e-03
   7.2000000e-03
  -4.4000000e-03
   3.0000000e-04
   1.1000000e-03
   2.2000000e-03
   8.6000000e-03
   1.7000000e-02
  -9.0000000e-04
   5.0000000e-04
  -4.7000000e-03
   5.1000000e-03
  -6.9000000e-03
   2.7000000e-03
